111111111111111111111111111111111111111111111111111111
100000000110000000000000001100000011000000001100000001
100000000110000000000000001100000011000000001100000001
100000000110000001100000001100000011000000001100000001
100000000110000001100000001100000011110011111100000001
111000111111111111110000111111000111000000000000000001
100000000000000000000000000000000011000000000000000001
100000000000000000000000000000000011000111111111110001
100000000000000000000000000000000011000100000000010001
100000001111111111111111111111111111000100000000010001
100000001100000000001100000000000011000100000000010001
100000001100000000001100000000000011000100000000010001
100000001100000000001100000000000011000111001100010001
100000001100000000001100011111111111000000001100000001
100000001100000110001100000000000000000000001100000001
100000001100000110001100000000000000000000001100000001
100000001100000110001100000000000000000000001100000001
100000001100000110000000000000000011000000001100000001
100000001100000110000000000000000011000000001100000001
100000000000000110000000000000000011000000001100000001
100000000000000111111111111111111111000000001100000001
100111111111111111111111111111111111000000001100000001
100000000000000000000000000000000000000000001100000001
100000000000000000000000000000000000000000001100000001
100000000000000000000000000000000000000000001100000001
100000000000000000000000000000000000000000000000000001
111111111111111111111111110000000000000000000000000001
100000000000000000000001111111111110000001111111110001
100000000000000000000001100000000000000000000000000001
100000000111111111100001100000000000000000000000000001
100011000110000000110001100000000000000000000000000001
100011000110000000011001100000000000000000000000000001
100000000110000000011001100000000000111111111110000001
100000000111110000110001100001100000000001100000000001
100000000000000001100001100001100000000001100000000001
100000000000000111000001110011100000000001100000000001
100000001111111110000001100001100000000001100000000001
100000001111111110000001100001100000000001100001100001
100000000000000000000001100001100000000001100001100001
100000000000000000000001100001100000000001100000000001
100011111111111111100001110011100000000001100000000001
100010000000000001100001100001100000111111100000000001
100010000000000001100001100001100000110001100000000001
100010000000000001100001100001100000110001100001100001
100010000000000001100001100001100000000001100001100001
100011111111000001100001100001100000000001100000000001
100000000000000001100000000001100000110001100000000001
100000000000000001100000000001100000110001100000000001
111111111111111111111111111111111111111111111111111111
