111111111111111111111111111111111111111111111111111111
100000000000000000010000100001000011100000000000000001
100000000000000000010P0010P00100P011100000000000000001
100000000000000000010000100001000011100000000000000001
100000001111100111111001110011100111100011111111110001
100000001100000000000000000000000000000011111111110001
100000001100000000000000000000000000000011111111110001
100000001100000000000000000000000000000000000000000001
1000G0001100000000000000000000000000000000000000000001
100000001111111111111001110011100111000011111111110001
100000001111111111110000100001000011000011111111110001
100000001100000000010P00100P0100P011000011111111110001
100000001100000000010000100001000011000011111111110001
100000001100000000011111111111111111000000001100000001
100000001100001100000000000000000000000000001100000001
100000001100001100000000000000000000000G00001100000001
100000001100001100000000000000000000000000001100000001
100000001100001100000000000000000011000000001100000001
100000001100001100000000000000000011000000001100000001
100000000000001100000000111111111111000000001100000001
100000000000001100000000100000000000000000001100000001
111000111111111111111111100000000000000000001100000001
100000000000000000000001100000000000000000001100000001
100000000000000000000000000000000011111111111100000001
100000000000000000000000000000000011000000000000000001
1000000000000000000000011000000000110000000000000G0001
111111111111111000111111100000000011000000001100000001
100000000000000000111111111111111111110011111111110011
100000000000000000110000000000000000000000001100000001
100000000111111111110000000000000000000000001100000001
100000000110000000000001100001100000000000000000000001
100000000110000000000001100001100000000000000000000001
100000000110000000000001100001100000000111111110000001
100000000111110011111111100001100000000111111110000001
100000000000000000000001100001100000000111111110000001
100000000000000000000001100001100000000111111110000001
100000001111111111111111100001100000000111111110000001
100000001111111111100000000001100000000000000000000001
100000001111111111100000000001100000000000000000000001
100011111111111111100001100001111100000111111110000001
100010000000000000000001100001111100000111111110000001
100010000000000000000001100001111100000111111110000001
100010011111111111100001100001111100000111111110000001
100010000000000001100001100001111100000111111110000001
100010000000000001100001100000000000000111111110000001
100011111111000001100001100000000000000111111110000001
100000000000000001100001100001100000000000000000000001
100000000000000001100001100001100000000000000000000001
111111111111111111100001111111111111111111111111111111
